

 /home/fernando/programs/EasyHybrid3/src/graphics_engine/src/vismol/model/elements
1.00794
4.0026
6.941
9.0122
10.811
12.011
14.0067
15.9994
18.9984
20.1797
22.9898
24.305
26.9815
28.0855
30.9738
32.066
35.453
39.948
39.098
40.078
44.9559
47.88
50.9415
51.9961
54.9381
55.847
58.9332
58.6934
63.546
65.39
69.723
72.61
74.9216
78.96
79.904
83.8
85.4678
87.62
88.9059
91.224
92.9064
95.94
98.0
101.07
102.9055
106.42
107.8682
112.411
114.82
118.71
121.757
127.6
126.9045
131.29
132.9054
137.327
138.9055
140.115
140.9077
144.24
145.0
150.36
151.965
157.25
158.9253
162.5
164.9303
167.26
168.9342
173.04
174.967
178.49
180.9479
183.85
186.207
190.2
192.22
195.08
196.9665
200.59
204.3833
207.2
208.9804
209.0
210.0
222.0
223.0
226.0
227.0
232.0381
231.036
238.0289
237.0
244.0
243.0
247.0
247.0
251.0
252.0
257.0
258.0
259.0
266.0
267.0
268.0
269.0
270.0
270.0
278.0
281.0
282.0
285.0
286.0
289.0
290.0
293.0
294.0
294.0
